0.3004
0.9865
0.3947
0.3494
0.4006
0.3793
0.6302
0.3145
0.6330
0.6003
0.6060
0.4953
0.2356
0.2878
0.4274
0.2901
0.4283
0.2494
0.2798
0.5440
0.6011
0.2906
0.9878
0.2216
0.5533
0.5092
0.7823
0.3508
0.2170
0.4479
0.4877
0.5576
0.5029
0.2702
0.8291
0.3177
0.8129
0.6000
0.2980
0.2717
0.6989
0.6464
0.4761
0.3993
0.3595
0.5364
0.6295
0.3462
0.2856
0.3583
0.5122
0.3545
0.6271
0.3978
0.6049
0.4267
0.3856
0.5060
0.3640
0.9182
0.5231
0.5409
0.2638
0.4294
0.2029
0.9997
0.9395
0.7037
0.4167
0.7525
0.4963
0.5783
0.5124
0.3725
0.4056
0.3647
0.5073
0.6232
0.9271
0.3350
0.9982
0.6835
0.5657
0.2498
0.3933
0.9060
0.9962
0.4431
0.7380
0.4404
0.3599
0.3636
0.4163
0.2828
0.2520
0.4873
0.6286
0.6141
0.4235
0.9760
0.5725
0.3845
0.8453
0.2894
0.3181
0.6618
0.9595
0.5230
0.2881
0.3699
0.3110
0.4508
0.4994
0.2849
0.6125
0.4258
0.6897
0.6027
0.2368
0.3827
